time,x,y,z,phi,theta,psi,x_velocity,y_velocity,z_velocity,phi_velocity,theta_velocity,psi_velocity,rotor_speed1,rotor_speed2,rotor_speed3,rotor_speed4
0.06,-6.77077142306e-08,-6.71175270055e-08,10.0042727795,6.28286965571,7.46194131791e-05,0.0,-6.41566718646e-06,-1.61744622854e-05,0.142418109667,-0.0186958217575,0.00362185419642,0.0,450.11653770604033,450.40946990084706,450.8078986778956,449.2950307385494
0.12000000000000001,-3.23703500601e-06,-1.42613933883e-05,10.0202143095,6.28153227628,0.000157045474284,0.0,-0.000118294011653,-0.000607570139746,0.388914299407,-0.0306716686424,-0.00355163270722,0.0,481.38019149793854,480.8371270511827,481.71404368169704,480.80774448593803
0.18,-1.28910509111e-05,-9.57717931943e-05,10.0484844377,6.27967938751,6.28291551517,0.0,-0.000169114447744,-0.00231529908762,0.553357068382,-0.0313043603174,-0.0154108307882,0.0,458.53064224859946,457.58780461886784,456.1122708114341,456.06144924649146
0.23999999999999996,-1.25809556842e-05,-0.000325309869616,10.0876561085,6.27814429362,6.2819444442,0.0,0.000289915643239,-0.00553237788049,0.752254360849,-0.0160791124469,-0.0177785269561,0.0,468.3701442567866,468.1860964158389,466.27765859778566,467.4652790336152
0.3,3.95976560183e-05,-0.000785842327475,10.13976719,6.27680221282,6.28133313801,0.0,0.00154727212634,-0.00995248805489,0.984609679637,-0.0395248713684,0.00179802557527,0.0,476.49559967601897,477.9897293399653,478.96585310772974,477.17958288929657
0.36000000000000004,0.000176793514646,-0.00154549311414,10.205338576,6.27565161714,6.28120255741,0.0,0.00302511110503,-0.0155580979151,1.20089983324,0.00499756560369,-0.0116278146891,0.0,474.2171238346554,473.18487115016666,471.28188313640527,474.7100590395826
0.4200000000000001,0.000405054575735,-0.00264394733657,10.281826271,6.27617678163,6.28027710141,0.0,0.0046702691512,-0.0210098849879,1.34852745667,0.015367151241,-0.0243697346104,0.0,453.33464923166116,452.3098370137139,453.166138313572,453.9987079287308
0.48000000000000015,0.000759590730106,-0.00406437078411,10.368437734,6.27687596924,6.27872054569,0.0,0.00732061772133,-0.0262410413023,1.53828544783,0.00293768394512,-0.0292895773547,0.0,466.49096034504737,466.106564650451,466.7688292454816,465.7977985086803
0.5400000000000001,0.00131220909309,-0.00578705008706,10.4667757397,6.27746389904,6.27709533426,0.0,0.0112960480166,-0.0311320468068,1.73936343655,0.0208481248422,-0.0230105773294,0.0,469.98167272431,470.4679091542899,469.39339525710466,470.78104020593696
0.6000000000000002,0.00211093771014,-0.00775957175371,10.5725496799,6.27884884022,6.27577771616,0.0,0.0154547299218,-0.0344939233421,1.78636196159,0.0272127478381,-0.0199386100504,0.0,424.0828141650623,424.3465400265692,421.06118436474526,421.61148005362185
0.6600000000000003,0.00320584040784,-0.00991741758563,10.6840397966,6.28084865495,6.27422516062,0.0,0.0211849809479,-0.0372341471763,1.9297439049,0.0433839017508,-0.0416917136944,0.0,453.8233362080718,452.0738456398304,453.4784331600653,454.7758733293867
0.7200000000000003,0.00470725030366,-0.0121957093171,10.8066708129,0.00103395548385,6.27215372525,0.0,0.0291311682857,-0.0383377948734,2.15755330457,0.0739626643752,-0.0230782341529,0.0,478.3771393205485,479.79182805896596,478.1854969025699,480.51082979922495
0.7800000000000004,0.00665967294883,-0.014462234024,10.9366034774,0.00499632477704,6.27098586498,0.0,0.0360627917237,-0.0368291274682,2.17350320808,0.0413286060797,-0.0130715751814,0.0,413.4600466454478,414.3406806299951,415.6543221967167,412.78787125594573
0.8400000000000004,0.00908916397981,-0.0165547571055,11.0708785623,0.0072754270822,6.26983344773,0.0,0.0450154180703,-0.0326692512379,2.3020802828,0.0302829690684,-0.0357697286627,0.0,451.4856124207051,449.6506129603674,450.7043965078757,449.81148553016214
0.9000000000000005,0.0120697354262,-0.0183600626691,11.2116957363,0.0091462549297,6.26786579423,0.0,0.0545404469987,-0.0273237564534,2.39163786662,0.0329172966714,-0.0274246747828,0.0,439.2515398207044,439.94258060362955,437.7653537793088,437.98484849628784
0.9600000000000005,0.0156521908675,-0.0198104368042,11.3573718877,0.0115388797178,6.26597543136,0.0,0.0650438323365,-0.0208070373218,2.46407529716,0.0510527550577,-0.0412627764192,0.0,434.96329645330314,433.8024635887432,432.20950449618294,433.73605890396846
1.0200000000000005,0.0200000729506,-0.0207537568644,11.512778284,0.0144051469682,6.26298595185,0.0,0.0802011061216,-0.0102739078516,2.7155648419,0.0402349859598,-0.0784844606384,0.0,489.37638085955564,486.59626525322875,488.70213812812426,487.8963149571673
1.0800000000000005,0.0253212536309,-0.0210115237556,11.6822131263,0.0167393368679,6.25830718013,0.0,0.0977197282511,0.00195670621785,2.93171735368,0.0360975557608,-0.0769889003254,0.0,479.0714114051763,479.18075213310425,479.2737428300686,478.9598120371098
1.1400000000000006,0.0318117146877,-0.0204746316161,11.8648779051,0.0195417305997,6.25447845597,0.0,0.119112536326,0.0162352618308,3.1564959675,0.0622289250713,-0.0456520534652,0.0,482.8662696382495,485.2215370455469,480.4130616836659,482.39139542921765
1.2000000000000006,0.0394298732763,-0.0191740520466,12.0527377939,0.0234979233456,6.25166288214,0.0,0.135051267455,0.0274271275818,3.10562540921,0.0724737419542,-0.0496038467476,0.0,396.16914195519547,395.8039841178127,396.6373102517258,397.58086691943794
1.2600000000000007,0.0481663605595,-0.0170482401458,12.2411723993,0.0279324969168,6.24915680186,0.0,0.156422641471,0.0438566500093,3.17531523565,0.0766353007619,-0.029476228987,0.0,435.77999604012257,437.45817863486707,436.5488177862009,436.90029654241386
1.3200000000000007,0.0582454401972,-0.0138358708005,12.4342103395,0.0326706913811,6.24727150058,0.0,0.179719847248,0.0636804691518,3.2590245083,0.0832696354244,-0.0356271100032,0.0,441.0996928152292,440.5910730701405,442.0543766696955,442.6057471534844
1.3800000000000008,0.0698742149942,-0.00923266473063,12.6353708334,0.0378288129066,6.24536300432,0.0,0.208116952827,0.090324368273,3.44574844937,0.090880683061,-0.0250961031575,0.0,473.5663769448481,474.3754274110681,472.8971889576008,473.4886817686369
1.4400000000000008,0.0832659638575,-0.00289062392542,12.8481783233,0.0439088496903,6.2436676842,0.0,0.238436489294,0.121733231505,3.64717388095,0.116680136199,-0.0354694370419,0.0,479.7014440938378,478.912893583709,477.83368600997835,479.80425785486506
1.5000000000000009,0.0983830434965,0.00533282631601,13.0696449624,0.0519258661598,6.24119236664,0.0,0.265681002286,0.153132412742,3.73471329366,0.155138155711,-0.0565134103714,0.0,447.59813760206896,445.88112950581046,443.6777296867403,446.83960402458297
1.560000000000001,0.115355645275,0.0158204426533,13.30027634,0.061048763407,6.23870888976,0.0,0.300379032024,0.197514879547,3.95218712329,0.145024650056,-0.0214180687607,0.0,484.63160368517606,487.26141785641187,485.9302918577914,485.19111252937677
1.620000000000001,0.134375491244,0.029068121867,13.5420052451,0.0701786518813,6.23704249718,0.0,0.333747211836,0.245020991744,4.1048238575,0.163565083988,-0.0451901432219,0.0,468.6638805965671,466.81217583515195,468.2014414147161,469.66200132795666
1.680000000000001,0.155268767352,0.0451089520944,13.7892126531,0.0799040863938,6.23391882675,0.0,0.362951356112,0.290559257232,4.13521861999,0.158969727465,-0.0716155468899,0.0,431.91802559728876,429.68129686882605,432.48655269399075,432.1251041366892
1.740000000000001,0.178025362851,0.0641404748214,14.0391924507,0.0892319553207,6.23036304032,0.0,0.395960955987,0.344712896097,4.19709896658,0.147336168526,-0.0419172063454,0.0,441.41679908345264,443.8582121792278,442.09995697400143,441.16322683036816
1.8000000000000012,0.20282197584,0.086596595588,14.292809465,0.0989510494576,6.22886496994,0.0,0.43075945247,0.404701110742,4.25646253492,0.181516447618,-0.00342222880362,0.0,440.8821785485435,444.0512578985326,440.2371296461288,443.0806602860472
1.8600000000000012,0.229945731449,0.11325441534,14.5539900419,0.109832786964,6.2300608845,0.0,0.473239869984,0.485074144217,4.44866851876,0.181052657577,0.0461560884683,0.0,480.90683470019434,484.6479676206435,483.6157357890201,483.60969217479544
1.9200000000000013,0.259420351522,0.144653440982,14.8236808977,0.120902548527,6.2327197064,0.0,0.508946594124,0.562622635467,4.54051733065,0.190611468385,0.0403490629255,0.0,455.7351032023853,455.2717252409215,453.7846580975677,454.5834878289113
1.9800000000000013,0.290899092965,0.180727850143,15.0971943172,0.132208507069,6.23518177804,0.0,0.540103189269,0.640888003337,4.57629129338,0.183682199181,0.0423710190448,0.0,438.22369207009086,438.3926627537793,438.41241492604314,437.8712770865362
2.0400000000000014,0.324227926802,0.221789079497,15.3734236867,0.142838365322,6.23766151367,0.0,0.570598221889,0.728820140323,4.63095320805,0.159128619052,0.0391593751642,0.0,446.1377951204585,445.87635696958165,444.8604025426314,442.87487760793175
2.1000000000000014,0.359307451848,0.268231519325,15.6522568494,0.152140982001,6.24055306402,0.0,0.598457417451,0.820102252255,4.66318071785,0.145289428396,0.0619321778689,0.0,437.90186744103084,439.79374740883196,438.9277474207476,437.80053975302764
2.1600000000000015,0.395956560513,0.320169859591,15.932020851,0.161161002654,6.24474711395,0.0,0.622818611046,0.911940334781,4.6621241698,0.158873234338,0.0823552046507,0.0,427.302720418299,429.0442445217872,428.0060943624482,429.1827805636849
2.2200000000000015,0.434019355392,0.377917503024,16.212537355,0.170421366815,6.24965722919,0.0,0.64547183007,1.01380884364,4.68812566883,0.143251355713,0.0807752211517,0.0,437.8996323594532,437.77370066502374,438.0640977982284,436.7857310653906
2.2800000000000016,0.473441710067,0.442445576457,16.497469359,0.179501152909,6.25566270445,0.0,0.667983469941,1.13795473821,4.8088766769,0.163912219208,0.123494293552,0.0,466.736086511138,470.0659661715325,466.8056006143635,468.43523527562036
2.3400000000000016,0.514040276637,0.514384219235,16.7883320513,0.189095618116,6.26263215357,0.0,0.684552145806,1.26087939604,4.88597074261,0.15038616495,0.0944923892655,0.0,457.88956545964714,455.5874653859456,455.9934625223444,454.93500720080317
2.4000000000000017,0.555548535086,0.594398200427,17.0864389574,0.198280003395,6.26826992792,0.0,0.698389068383,1.40710090758,5.04991198935,0.157962240358,0.0928831511538,0.0,483.69907065533386,483.58454576782003,483.38875937944977,483.97936869993714
2.4600000000000017,0.597720165496,0.68288666196,17.3918321762,0.209261812255,6.27368553243,0.0,0.70676084669,1.54344294639,5.12918042343,0.210293421,0.0844212077764,0.0,459.90541111186207,459.24109680575646,458.5813466560442,462.74865763250756
2.520000000000002,0.640284556997,0.779811912592,17.702068864,0.222013485643,6.27859548883,0.0,0.711532036737,1.68853684356,5.21125223917,0.216652245531,0.0760789750456,0.0,463.16194879050437,462.51039768743385,461.9002787830344,462.44413129655476
2.580000000000002,0.683028485976,0.88540238008,18.0158760492,0.235036642087,0.000610160567897,0.0,0.712786807296,1.83226245338,5.24837801209,0.217840113797,0.102160697389,0.0,449.4008196339823,451.516138795867,449.5667369822867,449.70895376626925
2.640000000000002,0.725736619304,1.00043067609,18.3342193531,0.247791980458,0.00684097092906,0.0,0.710148089431,2.00316661486,5.36200751136,0.199219515034,0.1070196961,0.0,475.4346386366826,475.8154378746309,475.48811864483986,474.10033343828496
2.700000000000002,0.768180889732,1.12496708117,18.6553701195,0.259928088806,0.0130966060932,0.0,0.704100064369,2.1490167356,5.34265707817,0.207750218918,0.0980815951646,0.0,435.4512813458282,434.7124948498778,434.88662211392244,435.6416656520112
2.760000000000002,0.81015311123,1.25843394669,18.9752131376,0.272549212046,0.0191211020911,0.0,0.69445169197,2.30087579606,5.3183916644,0.215097174134,0.10469373876,0.0,435.0064373806584,435.5687905018015,433.15367326221536,433.8159229300791
2.820000000000002,0.851418635994,1.4014819977,19.294463993,0.285224728055,0.0252023261753,0.0,0.680498916833,2.46841072296,5.32271161248,0.202213569818,0.0936662860645,0.0,444.9195012436769,444.0244036648239,445.5719229775386,444.56098003280493
2.880000000000002,0.891737526762,1.55477066585,19.6138153336,0.296956122448,0.0311769536918,0.0,0.662937406031,2.64213767172,5.32175164602,0.176779534431,0.109342661129,0.0,443.56625932913244,444.8604458808403,445.4997608990035,443.4515828724635
2.940000000000002,0.930879980393,1.71875533312,19.9333044348,0.30741465711,0.0377480621399,0.0,0.641210832339,2.82479810484,5.32727380546,0.168851607464,0.109867496115,0.0,446.8855261301454,446.9388236637239,448.87315713440745,448.2580918816581
3.000000000000002,0.968492114118,1.89467432694,20.2555707585,0.317528591118,0.0445625171902,0.0,0.611848432764,3.03987534158,5.41383408699,0.167988080881,0.120107689247,0.0,474.6911245432141,475.48693201441523,474.8529580077401,474.8119092392344
3.0600000000000023,1.00428655412,2.08305650125,20.5810449094,0.327987789188,0.0519585914821,0.0,0.580621244117,3.24024045556,5.43452749762,0.184653213346,0.128933340611,0.0,455.73942124700216,456.45773197296757,456.0322110826068,457.38976047873564
3.1200000000000023,1.03820164299,2.28279346811,20.9052196423,0.339221846394,0.0595796520898,0.0,0.549246758181,3.41844001652,5.37094964808,0.191945606321,0.122885765874,0.0,430.3780299273195,429.8810324092853,429.4479622083014,430.10149562292673
3.1800000000000024,1.07002217942,2.49384775618,21.2268183548,0.350927441672,0.0677157254769,0.0,0.510755709151,3.61748896528,5.34835207864,0.200735116584,0.153300948988,0.0,443.49660561075535,446.00461283648184,444.4530715952883,445.2100317449572
3.2400000000000024,1.09929690895,2.71744086647,21.5481074371,0.362928022855,0.0764026120422,0.0,0.464243134741,3.83639610754,5.36034488458,0.198520446065,0.116461283634,0.0,459.1529452120416,456.23833034247247,457.99590550940263,457.8575731365804
3.3000000000000025,1.12555734251,2.95465787639,21.8707994268,0.374981720815,0.0833808155501,0.0,0.410473697852,4.0715726303,5.39491890464,0.205258095894,0.115986024034,0.0,467.77127210367775,467.74561870094976,466.4746256095748,467.0379366331139
3.3600000000000025,1.14871674345,3.20504148546,22.1925757626,0.387173536492,0.0900166891433,0.0,0.360955387743,4.27531472477,5.33039102105,0.198726571366,0.0967491665145,0.0,437.74941584897334,436.1561864275152,436.4888387177506,435.9846182533644
3.4200000000000026,1.16879999382,3.46780318107,22.5103708969,0.398939361538,0.0961795434998,0.0,0.308011555903,4.4841160121,5.2622072609,0.190248481585,0.112554134131,0.0,436.9060993421434,438.2313758320145,436.0885282301979,435.4179555408581
3.4800000000000026,1.18543040804,3.74393002325,22.8256067963,0.410034198174,0.103010827529,0.0,0.245772530083,4.72070088566,5.24472611874,0.17125962126,0.116334521155,0.0,455.2331797962222,455.54683870527504,456.2160023297616,454.7289042817457
3.5400000000000027,1.19823262407,4.03428029795,23.1394219841,0.420065606082,0.110327775283,0.0,0.18038190699,4.95810857357,5.21493368676,0.157482099717,0.1313016943,0.0,452.8648055241819,454.0803766705663,453.7344402783454,452.652739301111
3.6000000000000028,1.20657574274,4.34046601442,23.4546302568,0.429004714772,0.118033167032,0.0,0.0970287302429,5.2482921005,5.2904466622,0.120818769148,0.121942795531,0.0,490.3484317365764,489.66588863771557,490.98330067183934,488.2727662577793
3.660000000000003,1.21043766624,4.66180737212,23.7690969388,0.436210200297,0.12589457035,0.0,0.031115424724,5.46335176491,5.19145156528,0.118597053588,0.144810571782,0.0,433.43714263743135,435.37108125400187,434.3928622009524,434.2198301089166
3.720000000000003,1.21019236204,4.99619075791,24.0777446503,0.443096695942,0.134162177467,0.0,-0.039951068108,5.68296981743,5.09643277144,0.105766805651,0.117617100914,0.0,437.1873007745791,434.9325002425093,437.6364463896767,436.57883212372974
3.780000000000003,1.20549549064,5.34399087059,24.3810444174,0.449663441349,0.141079467328,0.0,-0.117139142666,5.91048381814,5.01311876083,0.115935933968,0.110173153059,0.0,441.7108867569767,441.10835460141215,441.43865065885075,442.28780287808087
3.840000000000003,1.19581923291,5.70621058583,24.6807899212,0.456216684156,0.147574824007,0.0,-0.205890149374,6.16351836066,4.97758896939,0.0903493704624,0.104119658162,0.0,460.7761322548999,460.3070477337912,459.3908861360572,457.36681981238206
3.900000000000003,1.1807915372,6.08339907489,24.977830559,0.461439480913,0.153749774885,0.0,-0.295483512777,6.40933117026,4.92314800299,0.0794573887923,0.100394637945,0.0,453.7006425005845,453.41035026426664,456.2329693625432,455.3682818203025
3.960000000000003,1.16020869278,6.47556760501,25.271998407,0.466022708272,0.160025819177,0.0,-0.391049878853,6.66273557299,4.88175847475,0.0694090872465,0.111902883566,0.0,460.5044801273618,461.4231948035289,460.6555999156161,459.86447794045455
4.020000000000002,1.13370435568,6.88315300203,25.5640656414,0.469718755915,0.166227482814,0.0,-0.492896459058,6.92310227664,4.85305748378,0.0375178551597,0.0748655583528,0.0,468.5452191460914,465.6642201664037,467.2045743565651,464.7130804359472
4.080000000000001,1.10192336337,7.30382553011,25.8494376042,0.472943211687,0.170379520064,0.0,-0.566809969783,7.09934356636,4.6597939548,0.0746736540083,0.0543810039057,0.0,408.7819894088993,406.9558589457683,406.4136635955262,409.7334435836378
4.14,1.0645224103,7.73805176388,26.1290828431,0.477584355589,0.173201243488,0.0,-0.679992575354,7.37444864728,4.66072869862,0.0822309746136,0.0252658803693,0.0,479.6015114015686,477.3854968202284,476.0774825071354,476.659816686213
4.199999999999998,1.02109282702,8.1866775617,26.4046805317,0.483144571648,0.17481405653,0.0,-0.767743068926,7.57972933548,4.52577879875,0.108001981337,0.0299273571628,0.0,431.47151109125036,431.86518553414874,430.539344554413,432.7221836061616
4.259999999999997,0.972541291982,8.64719923111,26.671352495,0.490264662396,0.176897944779,0.0,-0.850771510149,7.77112193655,4.36329157896,0.134244864504,0.0429291202547,0.0,420.7109833332105,421.8361668480796,420.7073124214517,422.9872247772856
4.319999999999996,0.918572576538,9.12030468274,26.9302658668,0.498061135912,0.179165579919,0.0,-0.948280314066,7.99906696275,4.26658874385,0.119543164019,0.024782059108,0.0,446.5801772439572,445.097684940976,447.3245301536559,446.14061253160355
4.379999999999995,0.858213782789,9.60847241258,27.1858160216,0.504957521417,0.180276379538,0.0,-1.06358882545,8.27289289321,4.25064166214,0.103633359019,0.00143387051842,0.0,477.08241080317606,475.2957921628259,476.6097665102391,475.40261179207124
4.439999999999993,0.792210494219,10.1096869344,27.4342100827,0.510791383837,0.180553550941,0.0,-1.13660526238,8.43444046802,4.02962243322,0.0796421488135,0.0103314011943,0.0,401.52648256249427,402.3330930743888,403.74166810079987,401.57936107607264
4.499999999999992,0.72010165484,10.6251939351,27.6775794738,0.515449456918,0.181126634496,0.0,-1.26677773898,8.74835933822,4.08125562352,0.0732850835793,0.00794384391581,0.0,500.58503555491586,500.4110856837252,500.3449972652697,499.8858867638496
4.559999999999991,0.640901666158,11.1575750176,27.9205858412,0.519564926693,0.181447143094,0.0,-1.37311252923,8.99720950604,4.01837286683,0.0569983588529,-0.000449634446594,0.0,465.79695463503145,465.1398018609213,464.03068056560437,462.7532645774971
4.6199999999999894,0.556274453327,11.7022712867,28.1553171711,0.522819125299,0.181186938493,0.0,-1.44787214461,9.15930771801,3.80659685259,0.0480479719877,-0.0135391649047,0.0,409.0251157651712,407.8573465471278,410.993911559578,410.2017623660194
4.679999999999988,0.466397610435,12.2587368602,28.381019809,0.525376701214,0.179938291212,0.0,-1.54785642786,9.3890381403,3.71659031229,0.0286510741118,-0.0421948276657,0.0,455.75139777065937,453.4544088950721,455.3207832185585,453.766730958154
4.739999999999987,0.370905426099,12.827934319,28.5996571694,0.526942540957,0.177371047708,0.0,-1.63504283824,9.58383912665,3.57160330783,0.0204269599182,-0.0439993075615,0.0,434.47696324986254,434.32454403136796,434.9813876737511,434.29203356771353
4.799999999999986,0.269967197983,13.4094453751,28.810864243,0.528123252809,0.174465025009,0.0,-1.72930695672,9.79929719605,3.46867016382,0.0181381386984,-0.0592328986383,0.0,450.19668831580015,448.96050459665474,449.5327413014862,449.3471298574873
4.859999999999984,0.163475849552,14.0036358102,29.0156776903,0.528834319281,0.17045541962,0.0,-1.82010070847,10.0065011819,3.35858702744,-0.00530146395315,-0.0897796906375,0.0,447.27902498304314,444.7797311506518,448.35939850502655,446.4502610277141
4.919999999999983,0.0519409121819,14.6091564252,29.2122400131,0.52866287872,0.165122344233,0.0,-1.89745199431,10.1771320984,3.19415781874,0.00163074178669,-0.0871531058521,0.0,425.1458371845149,425.36393840764634,425.5186997733661,426.1119962775904
4.979999999999982,-0.0642354353828,15.2250075866,29.3993608797,0.528400740237,0.159374853632,0.0,-1.97479094562,10.3508123825,3.04378420038,-0.0204215129934,-0.124958888269,0.0,431.9722578964666,428.7621330395213,429.1121736274357,427.2354615403341
5.0399999999999805,-0.185048981252,15.8514032989,29.5779552612,0.526726069888,0.151701601075,0.0,-2.05186094319,10.5284943354,2.90999604974,-0.0503524639451,-0.134496182623,0.0,435.88482392412595,435.07139473000774,433.66811499856584,431.1453762777048
